  ...prepped 500/5511
  ...prepped 1000/5511
  ...prepped 1500/5511
  ...prepped 2000/5511
  ...prepped 2500/5511
  ...prepped 3000/5511
  ...prepped 3500/5511
  ...prepped 4000/5511
  ...prepped 4500/5511
  ...prepped 5000/5511
  ...prepped 5500/5511
  1758/5511 tickers survive baseline; capturing off/on overlays with jobs=14
  ...captured 200/1758
  ...captured 400/1758
  ...captured 600/1758
  ...captured 800/1758
  ...captured 1000/1758
  ...captured 1200/1758
  ...captured 1400/1758
  ...captured 1600/1758

  faithful 2y-frame scan: 5511 tickers, 291 fire (have an overlay)
    first-reaction tighten re-anchors 100 of 291 overlays (AR pulled earlier)
    tighten (bars): max=59  median=19  total=2365

  ticker   OFF(cx,AR)       ON(cx,AR)        dAR   old_span  new_span
  ------------------------------------------------------------------
  EC       (393, 453)       (393, 394)        -59       60        1
  BCPC     (300, 360)       (300, 302)        -58       60        2
  CATO     (308, 368)       (308, 310)        -58       60        2
  NRIM     (365, 424)       (365, 366)        -58       59        1
  SFL      (404, 463)       (404, 406)        -57       59        2
  CNI      (432, 488)       (432, 433)        -55       56        1
  HTH      (412, 472)       (412, 418)        -54       60        6
  LMNR     (342, 400)       (342, 346)        -54       58        4
  OXY      (365, 424)       (365, 370)        -54       59        5
  AMH      (418, 478)       (418, 425)        -53       60        7
  INVH     (418, 478)       (418, 425)        -53       60        7
  LZB      (419, 479)       (419, 426)        -53       60        7
  TEN      (400, 458)       (400, 406)        -52       58        6
  TRU      (426, 478)       (426, 427)        -51       52        1
  ERAS     (428, 480)       (428, 430)        -50       52        2
  MBX      (406, 463)       (406, 414)        -49       57        8
  TFIN     (414, 473)       (414, 424)        -49       59       10
  BANF     (270, 325)       (270, 277)        -48       55        7
  GHRS     (413, 473)       (413, 425)        -48       60       12
  AUNA     (376, 436)       (376, 390)        -46       60       14
  AX       (331, 389)       (331, 344)        -45       58       13
  HTO      (352, 402)       (352, 361)        -41       50        9
  WY       (333, 393)       (333, 353)        -40       60       20
  EFSC     (383, 424)       (383, 386)        -38       41        3
  BFH      (414, 465)       (414, 428)        -37       51       14
  FELE     (411, 469)       (411, 432)        -37       58       21
  NOV      (325, 375)       (325, 338)        -37       50       13
  EG       (375, 410)       (375, 377)        -33       35        2
  PTHS     (442, 478)       (442, 445)        -33       36        3
  ASGI     (355, 396)       (355, 365)        -31       41       10
  FAF      (391, 430)       (391, 399)        -31       39        8
  SABS     (399, 431)       (399, 400)        -31       32        1
  BRC      (444, 473)       (444, 445)        -28       29        1
  DGICA    (435, 477)       (435, 449)        -28       42       14
  GSAT     (396, 425)       (396, 397)        -28       29        1
  NAT      (452, 491)       (452, 463)        -28       39       11
  SBLK     (359, 419)       (359, 391)        -28       60       32
  WNC      (446, 479)       (446, 451)        -28       33        5
  AN       (246, 297)       (246, 270)        -27       51       24
  BA       (338, 395)       (338, 368)        -27       57       30
  VRSN     (449, 480)       (449, 453)        -27       31        4
  KMB      (457, 484)       (457, 458)        -26       27        1
  PCG      (391, 432)       (391, 406)        -26       41       15
  MSEX     (435, 486)       (435, 461)        -25       51       26
  HAS      (380, 438)       (380, 414)        -24       58       34
  HSHP     (405, 448)       (405, 425)        -23       43       20
  VLTO     (452, 479)       (452, 457)        -22       27        5
  AOD      (410, 431)       (410, 412)        -19       21        2
  FRO      (352, 410)       (352, 391)        -19       58       39
  MPWR     (450, 473)       (450, 454)        -19       23        4
  NDAQ     (454, 474)       (454, 455)        -19       20        1
  EOD      (416, 473)       (416, 455)        -18       57       39
  WSM      (446, 466)       (446, 448)        -18       20        2
  LSAK     (447, 484)       (447, 467)        -17       37       20
  MGEE     (303, 328)       (303, 311)        -17       25        8
  RCL      (447, 465)       (447, 448)        -17       18        1
  EGBN     (424, 444)       (424, 428)        -16       20        4
  HOG      (404, 456)       (404, 440)        -16       52       36
  NOVT     (405, 442)       (405, 426)        -16       37       21
  SB       (400, 458)       (400, 442)        -16       58       42
  SMP      (380, 405)       (380, 389)        -16       25        9
  MRBK     (422, 444)       (422, 429)        -15       22        7
  TAK      (456, 478)       (456, 463)        -15       22        7
  CL       (353, 402)       (353, 390)        -12       49       37
  IVZ      (464, 482)       (464, 470)        -12       18        6
  MTN      (340, 364)       (340, 352)        -12       24       12
  BURL     (452, 463)       (452, 453)        -10       11        1
  MDLZ     (427, 471)       (427, 461)        -10       44       34
  NGVT     (381, 399)       (381, 389)        -10       18        8
  OBT      (399, 434)       (399, 424)        -10       35       25
  QURE     (423, 481)       (423, 471)        -10       58       48
  CUBE     (441, 455)       (441, 446)         -9       14        5
  GLO      (412, 422)       (412, 413)         -9       10        1
  OBIO     (385, 441)       (385, 432)         -9       56       47
  BALL     (468, 477)       (468, 469)         -8        9        1
  BIIB     (415, 435)       (415, 427)         -8       20       12
  GH       (433, 484)       (433, 477)         -7       51       44
  IOT      (454, 478)       (454, 471)         -7       24       17
  FMS      (294, 317)       (294, 312)         -5       23       18
  GLNG     (441, 453)       (441, 448)         -5       12        7
  GLQ      (411, 448)       (411, 443)         -5       37       32
  HUM      (411, 470)       (411, 465)         -5       59       54
  OCFC     (343, 355)       (343, 350)         -5       12        7
  WOR      (408, 423)       (408, 418)         -5       15       10
  LKFN     (297, 302)       (297, 298)         -4        5        1
  SIG      (328, 334)       (328, 330)         -4        6        2
  NPO      (468, 479)       (468, 476)         -3       11        8
  AOMR     (316, 319)       (316, 317)         -2        3        1
  BELFB    (474, 478)       (474, 476)         -2        4        2
  AZZ      (471, 480)       (471, 478)         -2        9        7
  CWT      (434, 480)       (434, 478)         -2       46       44
  KMX      (447, 487)       (447, 485)         -2       40       38
  SIFY     (454, 458)       (454, 456)         -2        4        2
  TIGO     (441, 479)       (441, 477)         -2       38       36
  DNLI     (480, 484)       (480, 483)         -1        4        3
  IRT      (478, 480)       (478, 479)         -1        2        1
  JNJ      (316, 371)       (316, 370)         -1       55       54
  PFG      (469, 471)       (469, 470)         -1        2        1
  PHM      (471, 480)       (471, 479)         -1        9        8
  TTC      (325, 363)       (325, 362)         -1       38       37
